100
56
-99 -71
-962 -685
177 -289
-562 992
-869 -499
-218 913
-988 -981
-159 -288
184 -424
797 -208
162 347
-302 -550
-922 103
659 -728
317 857
-723 -643
-165 689
636 352
-212 139
-387 -109
621 -87
-482 -844
776 591
-798 -97
967 -454
144 -979
281 -115
395 -386
-494 -454
-3 863
28 -150
636 -489
-836 489
542 932
-497 -223
-39 -403
372 -543
291 515
-141 -359
344 -919
202 -267
-326 429
857 -588
195 242
355 -588
870 331
-11 -373
883 230
-845 820
25 979
766 -284
677 992
514 105
-775 994
763 -850
-280 -766
91
-51 926
162 -506
514 -851
-726 -449
183 434
-509 221
-143 597
238 -234
-762 -673
-62 379
138 822
417 -645
725 -684
22 99
290 -378
-610 -512
-522 -592
368 -907
203 542
553 168
601 789
264 998
-912 855
-29 -393
-892 518
-876 76
565 784
-412 -459
-807 264
947 31
-791 -875
833 347
-43 20
123 537
692 841
325 851
429 -781
-176 -858
-949 397
-455 -389
784 -240
606 965
921 950
-403 290
874 -759
-869 164
486 810
46 874
-84 -498
40 487
-47 -989
832 -76
-185 -944
-17 33
-633 -886
-541 -154
-272 226
-813 -600
-197 876
96 -568
-934 587
-764 -283
-691 840
-949 -927
-495 690
762 -287
-442 287
-448 -386
-709 496
103 -727
119 -990
-489 12
-169 321
568 203
-465 -873
801 -23
-513 -910
-974 390
788 596
-662 630
759 740
-730 189
358 130
231 -489
-355 967
863 -492
481 -518
791 -192
137 431
-336 -591
-23 555
52
-327 -708
-397 -568
-20 573
-223 273
-917 994
104 943
-690 166
639 -438
593 801
985 584
181 -681
-410 473
-201 -518
626 -305
-802 -292
139 -67
-546 21
-112 314
-839 -84
468 258
21 -378
-62 -326
-311 -983
-613 606
385 684
-789 664
321 -611
-983 -305
389 62
-403 -694
-233 -163
732 -17
-86 -210
-658 -227
-397 -201
-847 962
872 568
-330 -22
-143 804
-583 309
-966 -799
-305 979
506 568
600 -2
-2 -23
659 708
-625 607
-639 992
690 -485
225 -12
318 784
395 69
92
-598 -984
675 -886
843 718
372 274
-716 -374
-212 806
-628 838
26 -538
-240 -886
306 -662
-553 -674
674 810
49 190
-348 508
-164 342
975 648
306 381
810 824
34 -306
-258 491
-375 672
455 -455
109 -136
903 -944
118 -267
471 492
-535 -679
379 646
34 615
-112 -285
-914 -921
308 541
-717 -889
82 -496
-324 -612
-967 442
116 -234
73 -443
670 97
937 -31
-577 71
39 10
681 -365
-83 -807
-732 225
876 -826
-901 -718
-328 -373
-911 -677
-720 -940
-658 -868
104 -573
761 782
-395 -240
-988 -826
996 989
-641 -922
-873 -73
762 931
-595 -104
906 -175
429 -486
327 762
879 -522
640 877
519 587
459 947
-786 458
-131 -227
-417 909
274 986
-325 232
666 -699
-390 -921
-560 666
-49 503
696 185
-138 -670
-475 -909
-836 594
260 -910
187 -922
840 997
49 18
659 984
268 -272
-227 514
-732 -155
932 392
-75 -545
785 -129
647 -182
67
351 -644
-30 -230
466 469
-862 225
-516 -415
-421 -967
-299 -989
-256 335
-175 -881
-418 -199
-287 -367
457 -590
323 475
546 799
980 985
-219 61
981 -575
142 -439
651 604
907 -148
928 380
-451 801
-168 -70
584 501
-66 -323
698 -55
844 168
728 6
601 -880
116 -65
-819 -184
-613 -708
337 236
731 -712
865 231
849 600
627 -239
-512 -459
321 200
-178 -183
833 -359
-952 -893
-793 379
870 246
-320 217
-327 932
495 922
161 914
725 207
-213 889
457 -856
-1000 297
-729 -653
-231 -119
885 578
-251 703
-208 -601
189 -152
-795 911
919 629
-821 89
-234 -541
286 -62
539 -827
-889 -18
-379 -48
-298 372
19
787 514
742 -614
48 7
60 979
-196 766
-100 -708
-369 -198
-232 -898
439 -402
645 -834
-160 -195
947 509
-648 777
877 874
994 909
-193 152
-582 6
367 442
479 -740
18
218 514
-354 364
-567 138
-85 -661
-464 417
845 240
-475 -418
-592 211
-262 -48
-255 338
0 243
-815 -691
297 -526
-759 465
186 10
-777 112
-961 551
710 281
44
-163 -228
265 497
-587 -452
-370 496
50 860
-572 -969
-817 354
94 -278
-633 -841
626 -838
-848 477
-959 -848
788 -723
-223 997
-178 793
-966 -146
-418 -496
-359 -811
-327 591
-940 450
416 309
-565 -376
-518 303
-889 76
465 530
-974 -879
311 -696
322 -561
-174 -783
115 -142
-421 -518
368 -962
-913 299
766 623
-256 731
197 959
-133 110
380 977
-234 -306
-768 -981
-458 759
688 -992
234 396
-88 379
76
632 873
-296 690
-961 -559
-724 -139
547 44
-651 606
322 -794
395 -440
44 -725
646 -298
930 -866
-503 -55
234 162
652 -833
559 712
936 137
101 278
620 728
571 608
204 -45
73 -202
-599 951
409 778
827 603
658 844
-758 654
-561 -540
-19 880
686 -309
-423 394
-92 470
203 410
397 -1
257 639
-542 242
-365 -482
-749 466
-417 511
644 -682
-318 -457
709 -605
882 -398
680 -922
-328 812
439 846
-389 -35
-850 -28
391 847
436 729
-195 477
103 650
-44 170
-267 -126
141 -518
679 -932
-828 593
-664 -829
482 662
-269 -647
720 676
-22 -80
-330 -547
-621 648
-319 -629
-995 230
-638 5
-192 -259
659 -822
-62 619
53 573
38 -13
22 301
80 546
-386 527
-381 -704
56 -982
83
198 669
-241 646
918 -197
595 892
-693 661
-469 320
-114 357
-189 -305
161 909
-373 -778
332 -342
14 -128
-717 -807
-256 716
-208 340
-237 -931
226 389
-650 -117
-47 -165
747 -42
-708 138
451 -69
-399 -947
-919 -960
201 -377
871 825
-306 -938
681 -355
-7 505
-324 -62
-4 184
754 -860
153 -830
-906 -155
189 -332
902 -449
157 -299
17 -523
667 -225
-577 -168
-635 -377
855 -108
858 -274
961 -806
-631 -592
9 761
345 425
-388 -346
879 -329
-125 218
-161 507
217 106
738 -743
42 178
-305 351
-582 -245
-247 179
303 -548
358 -268
508 -452
-744 51
170 229
-391 -566
485 -508
679 -998
561 -611
-86 -125
-776 -852
990 588
-159 -266
914 194
-259 -50
-133 -403
-159 -941
-859 -34
203 182
-264 -459
948 -758
99 -688
945 -396
71 -35
757 626
-750 112
30
824 -105
512 986
389 455
-661 -898
-12 -498
218 -830
-657 44
720 501
557 174
-4 137
-628 -744
989 595
698 -926
-267 -319
333 636
326 920
899 559
217 648
531 210
-322 926
-590 86
222 103
-94 334
780 732
389 622
970 975
127 463
455 63
553 843
822 -181
66
-708 426
-991 112
-436 477
-414 500
136 -384
868 -692
-74 637
227 -286
-16 -8
277 -111
-228 196
248 631
825 -927
299 -314
-536 -989
230 -603
804 -225
726 -188
-256 78
-471 -883
588 -844
114 -811
-156 218
202 353
789 871
580 262
219 -355
954 345
-420 64
233 37
-485 402
-890 922
-821 -887
-341 -750
-912 145
-894 -64
995 302
-835 -478
-526 602
32 485
-783 285
-612 -409
-207 619
-776 423
667 39
62 952
-422 -123
-1 -395
-830 860
-396 447
848 154
690 578
-848 818
825 150
549 609
617 240
-727 -161
658 744
-623 -800
-906 -106
843 810
653 902
87 -703
421 506
-561 -19
884 -225
85
173 -804
855 -921
-923 -103
517 609
-941 -422
328 -320
-32 89
-162 798
273 -343
-710 95
-579 683
-223 663
-311 61
-642 101
175 -208
997 160
-834 628
-396 -19
26 -254
693 634
388 -587
-96 -438
-204 102
733 -674
-206 -61
632 -756
229 -804
-371 142
803 889
-525 -311
-906 731
-747 632
688 926
907 -123
949 375
-153 -300
775 176
811 -628
-353 669
-392 115
87 282
34 661
613 -461
-353 432
913 479
-994 158
775 -982
-428 128
888 94
-847 228
-117 909
961 371
721 -354
-945 314
-922 -175
-316 674
-13 -319
557 414
497 261
-437 -575
-728 98
-733 953
-203 33
-858 380
-694 -552
59 637
287 -56
503 -997
134 851
-545 -617
-196 983
-908 -481
-581 -20
622 -820
-963 902
596 -380
812 -138
-714 -419
-636 435
-242 -257
-375 -319
-533 -395
613 300
797 -864
-966 147
23
535 741
387 -291
606 -589
735 -169
338 -530
745 -2
271 -384
-496 -900
78 -295
-26 384
-737 -533
508 470
190 945
-948 -971
-795 192
-302 162
-290 -426
-391 -861
-45 -401
574 -803
725 -409
-701 -146
-59 521
54
-521 -607
742 763
481 190
-350 -36
81 895
312 557
-122 -416
93 -891
-898 337
802 -868
-695 994
467 525
885 -24
-772 903
-296 9
-628 -46
-532 -583
849 105
-907 82
979 -841
-146 393
-467 402
-990 995
-299 511
102 228
317 -800
547 -257
-926 -399
-351 879
-894 955
367 -480
-485 -398
-928 363
-242 882
927 -243
257 209
307 -269
852 -592
557 -797
-324 -956
-514 826
443 827
566 478
577 -115
503 -145
-4 17
-520 511
-566 -600
677 -582
-449 682
-380 -108
-526 924
-126 478
-878 203
68
485 -602
-40 -742
-617 -479
527 -315
-174 -876
-11 -38
-741 -738
-563 -842
-264 143
-121 929
-773 -774
263 -9
11 -728
797 369
112 -247
902 419
315 -394
-753 -674
432 -398
273 853
49 -993
-339 573
-536 -900
612 -258
-176 300
836 518
240 -670
-677 61
518 -520
329 275
-628 463
-506 773
-454 737
-307 -514
-184 -270
4 314
749 -923
-999 -154
-55 763
106 131
475 38
-127 890
528 -885
-262 -871
-519 982
355 411
-233 -680
607 -362
742 -181
-826 894
275 -762
173 -281
11 -117
-355 584
-686 -226
659 666
-451 625
-524 511
-532 10
-950 -32
103 -298
-577 159
-588 -602
868 971
-590 120
751 946
-538 145
144 -735
83
902 94
-26 712
889 402
966 -263
720 335
411 -278
-766 -3
-939 -698
523 353
-190 552
-17 778
72 340
763 -565
-834 -380
-313 -784
155 -19
599 -289
550 270
993 -980
-52 533
585 40
-127 142
807 -873
861 856
618 957
-761 6
838 917
-592 -465
393 78
278 530
668 322
-151 -919
949 627
139 -247
793 -235
-720 -924
-178 594
692 -213
-2 638
-36 -813
-121 56
4 -478
560 -375
88 198
-10 -308
510 -237
-427 474
-655 -569
658 -496
41 -324
-955 64
773 -759
-332 -815
522 53
-854 -956
-235 537
886 372
348 -943
-704 889
-413 671
-394 409
-789 -629
-75 -597
420 923
19 602
547 -917
-775 -14
-545 -870
-721 -918
-506 -207
239 733
-596 544
-853 -697
-717 326
122 -999
774 -420
-211 185
751 719
928 250
-615 -839
-100 -589
575 -85
-102 -706
91
569 210
127 -69
-398 737
-945 710
858 -535
452 -195
-843 802
-689 -924
258 -962
-223 911
-494 539
-374 -863
-603 -719
544 -784
-321 -341
-583 277
-517 -270
422 623
-900 -907
-532 487
-196 469
687 -450
931 781
556 -942
358 -514
-300 975
-471 -424
657 915
962 470
-170 826
364 -112
-457 472
276 -397
546 -747
-28 -834
-600 -14
-150 195
780 -246
244 -850
-345 -973
970 17
-890 420
-553 621
113 465
821 158
-280 -559
-587 430
443 -416
24 -871
374 97
-243 -608
-536 427
888 -41
47 -587
955 -263
546 -724
-813 667
315 16
-527 -514
46 255
323 -82
-742 841
-929 -329
-981 -493
-613 -936
-375 -9
-948 -913
320 -888
553 692
-19 115
444 -606
-750 368
277 592
-441 825
362 -67
-483 -590
254 -870
544 -282
12 -799
-136 82
977 259
156 -550
756 320
-748 874
-349 511
233 648
619 -466
155 932
595 947
-450 897
-154 -80
6
269 -85
-299 334
-228 -61
-320 -679
371 -850
-689 596
16
-214 -954
-553 -921
-551 860
-58 280
-163 -80
176 796
819 761
-315 573
314 491
-527 -507
-914 -667
264 -17
933 -825
-160 874
-858 -960
262 -740
21
-666 -770
-397 -642
-929 -934
55 390
524 134
331 -200
422 238
786 761
320 413
30 -229
-948 563
-77 825
953 -926
522 -148
570 437
-750 29
-206 700
-366 264
908 585
-295 553
-585 833
33
501 974
-801 770
455 549
-693 923
-330 -1
-446 -996
-320 669
450 -664
-602 -591
852 38
931 -304
87 -986
-119 342
-715 -958
-374 116
4 159
-736 -140
251 563
985 333
302 96
595 -350
777 -402
656 68
709 680
-282 -40
-599 956
-330 -13
-255 -906
342 -670
259 22
461 -537
772 -739
-965 -115
78
311 147
444 -340
-429 150
824 364
206 204
564 -129
-116 417
-908 456
280 538
464 110
-348 883
-956 680
713 279
356 -188
-238 987
621 -860
244 -25
407 710
709 818
-922 975
734 -647
736 -77
939 491
-567 547
655 -44
-22 467
-780 -428
-544 -713
-544 508
288 793
547 452
680 -166
765 -436
-303 -157
-916 557
-416 342
-413 -838
412 998
-921 345
779 176
835 -936
901 20
523 -563
505 -844
573 -625
894 -489
-973 -758
785 986
-219 -461
110 53
-52 -615
-438 374
513 308
-627 44
-908 -899
637 273
889 -503
981 260
-900 -718
548 -413
869 116
-366 -750
839 -767
-290 -598
866 402
674 -239
744 763
-24 865
909 26
-650 504
-953 -613
-44 -724
421 -213
47 105
-500 199
-75 456
-563 288
-95 541
46
-963 897
621 -633
-659 194
-454 -251
984 -755
-931 825
592 -885
-801 -844
-119 -28
484 603
-590 453
-28 191
-64 640
391 -457
-250 925
557 889
642 -769
-169 -664
902 -127
853 -714
162 111
-723 -453
219 272
693 -770
618 -687
157 176
-525 142
636 520
-560 201
-715 -280
-6 413
85 31
-620 -789
-644 -56
-908 -317
-330 480
302 -80
-443 -539
670 -438
269 569
-990 -961
955 -746
450 -325
-637 27
-387 -653
-651 805
97
-734 490
361 -26
-725 -303
-99 -568
109 -399
-362 -208
180 -550
-148 -242
-260 -788
-22 740
993 819
-894 -510
834 718
286 697
-525 -86
416 526
450 -576
586 510
-143 568
42 232
-126 601
-755 -212
961 222
-363 -738
619 -122
-155 902
812 -329
-151 -265
-346 176
146 473
877 -998
-17 102
240 411
727 126
-142 -969
531 40
918 178
-727 -619
-631 791
-574 -494
921 958
717 -582
228 957
-355 -907
667 638
813 34
-379 -759
260 -660
256 718
-940 44
-926 -47
-484 -758
-163 610
525 81
-415 -617
777 639
60 -535
-649 -587
-83 -744
179 993
886 588
323 -586
783 537
-491 21
-378 29
260 -390
676 -310
633 805
-372 -213
413 -589
861 -668
413 344
-681 -854
70 811
826 956
-16 31
873 -867
-393 -838
-978 -305
-60 707
151 590
139 -323
-450 -602
206 -502
246 913
-642 -402
-575 609
801 722
959 -137
79 176
624 -755
-202 -878
-565 582
558 -590
327 -976
343 -611
-938 -317
90
649 194
969 815
271 879
-758 -732
-617 -240
322 539
-400 -458
97 197
136 163
864 -437
366 -19
27 971
881 286
591 273
-443 -329
273 -479
210 -683
-696 96
168 -836
952 514
83 -560
588 -563
-858 -686
-865 -803
567 359
-361 18
952 -187
687 195
-707 -474
-416 -43
-561 -385
-5 -361
-276 -245
149 613
-24 576
-225 -644
-396 627
-623 -467
633 -793
131 -197
-623 -448
-200 -882
179 726
-441 -934
-679 741
855 697
-369 -143
-874 -59
-630 375
278 -446
-221 879
-235 -264
-225 429
615 -610
-836 -345
978 -543
218 465
-298 -235
579 -60
823 -861
-24 -67
920 288
-246 -47
790 -658
-862 606
526 -981
-354 -771
748 -489
-376 628
545 -492
-92 584
-528 -410
-443 -241
165 697
285 -349
146 -254
-688 787
-152 -722
211 -28
958 -938
-985 -236
-15 -684
-948 -17
-664 -449
-973 -582
643 -286
-780 253
-912 108
-136 -466
-663 704
16
552 -195
684 643
907 953
134 159
-980 -717
755 -964
781 243
-559 609
-968 271
-156 -748
197 97
30 992
-726 135
-313 -203
258 -538
941 -243
78
700 740
694 -600
-671 -978
-255 -385
313 -666
-874 957
73 -857
530 -324
-93 -359
110 -714
239 219
413 -508
-264 -468
274 -242
-639 -381
491 -126
834 319
206 -832
-525 585
-610 769
707 -42
-150 295
37 -1000
-478 -272
152 -429
-825 4
306 685
-898 382
136 95
-703 456
-260 -488
-942 286
100 961
-835 773
-365 -645
-551 -140
-330 404
-454 512
-915 -263
646 -442
-860 358
897 146
-132 -280
-472 -740
667 -605
-969 -622
-243 -641
-25 -336
710 733
968 -756
661 -536
-730 638
-858 87
139 -148
-700 14
545 564
344 -364
34 -205
115 432
686 -637
965 877
216 177
647 -740
558 907
395 -440
627 -8
637 -92
-534 946
-794 97
385 591
862 -68
232 334
-149 -268
-564 -372
-438 505
5 790
-263 992
-824 -552
22
-253 105
-44 200
-267 17
959 848
3 -552
821 555
358 864
573 -1
181 302
-714 655
-120 980
241 -555
935 383
-679 667
-272 299
125 935
120 -274
-66 96
-231 -712
-957 689
281 -171
186 169
11
636 729
-853 -737
999 258
761 -828
-673 789
489 -882
-525 928
-959 -77
-75 930
596 943
385 -19
80
727 -453
-759 275
-422 -492
-139 -541
-829 -952
872 215
476 -824
-794 429
-515 -129
542 -72
-606 -510
736 93
-598 57
-980 283
-548 -875
341 500
-220 -403
-523 700
-454 553
-54 -482
915 522
-66 293
146 580
-332 398
535 9
334 743
55 211
508 84
-324 429
222 -274
-413 686
-213 -24
227 -172
842 -368
-387 -231
94 -467
-225 -124
-338 -469
915 -257
482 -623
213 -351
458 -501
401 -905
-360 -199
394 35
110 499
-824 -815
-590 -729
649 626
-818 321
535 -521
563 -635
922 -884
-418 396
277 -226
-285 -439
699 906
-714 391
-332 836
680 -975
-581 673
78 -163
-257 129
-770 982
153 764
323 -972
-83 -72
-817 -6
25 292
352 -196
874 357
907 491
-626 -230
437 -97
597 13
705 -464
897 -887
-333 -944
524 -685
227 472
64
310 174
-866 -719
431 -90
-800 463
865 -663
288 872
582 -337
-485 -830
356 333
-217 630
951 870
729 -592
-592 -335
-543 -301
650 -234
275 -247
-716 594
-686 40
-560 -837
-550 -16
456 -371
730 -623
-713 418
-355 -998
299 -176
-540 348
453 60
961 -339
-406 -676
-238 296
506 698
680 369
122 949
772 310
-768 834
-499 178
-501 -721
384 -645
-836 -552
980 827
869 -270
-872 475
-980 581
76 -341
523 599
-135 495
-296 83
206 -508
-932 377
-776 272
-126 719
-148 214
-481 -363
-28 649
488 757
-27 888
-380 105
745 -360
-577 -857
-451 -577
743 152
937 252
967 -650
247 -443
34
-605 -878
-680 747
-858 381
-125 -329
241 204
-338 47
-850 35
-762 125
-472 282
837 818
-475 -999
125 -142
-463 550
-748 -228
-746 -152
440 468
-729 -74
819 878
300 -287
-566 -631
824 -277
-480 966
998 819
-424 -700
-350 -817
167 -134
292 548
-760 -416
822 36
841 906
-73 -172
818 -191
969 -327
998 128
80
783 242
-712 813
-602 162
-32 -623
937 -301
285 828
-564 755
442 550
817 244
340 -915
-425 -832
-875 190
-496 -713
59 -964
590 -909
4 467
233 397
-473 -298
655 104
722 -156
-280 42
684 -871
549 -597
-345 -63
-603 -505
372 808
-476 301
930 781
528 10
-348 837
-344 -128
862 523
-108 527
380 -139
-213 -218
847 562
-635 -574
581 -753
494 -859
-956 -295
-812 946
-318 -836
157 -619
564 -918
727 -336
-319 -456
509 591
-205 -958
99 669
249 -481
191 -272
539 -673
-12 -65
-772 -624
92 -77
197 -800
113 -293
-780 -339
616 330
64 -471
-102 780
711 473
753 -746
902 -708
-437 -518
308 296
222 -247
-789 575
953 -44
-732 -239
530 -85
-801 -772
273 374
-308 95
-328 -270
-343 572
61 -78
280 827
-554 -217
-453 -229
44
-965 -881
-509 44
839 450
-825 167
357 -493
-906 -140
943 -155
-736 -361
310 335
501 865
-993 323
-439 963
-440 -839
324 113
-792 647
-683 854
164 -593
-122 -611
-435 -763
-854 946
-841 43
227 390
-299 876
497 121
-992 -207
837 647
-857 -701
-877 290
-65 654
150 -425
460 813
-595 -496
-248 -728
3 309
-641 -297
-964 -560
-882 546
-980 -356
768 791
962 -647
-313 -826
417 -754
284 -852
46 -661
14
-70 933
-757 838
-158 -425
626 347
14 351
-455 881
461 -702
83 -659
410 756
570 323
682 839
-197 624
-542 494
891 -716
31
607 -459
-601 -525
-953 353
-628 -663
536 -846
-174 -651
-691 -469
-537 -247
431 -737
-312 -408
272 -219
500 -758
804 -876
-225 265
-577 -895
-911 -85
-551 786
206 108
-914 -803
913 327
739 258
-735 641
-173 561
-682 530
-761 314
-444 384
356 -240
790 -806
653 760
886 254
137 -284
9
920 -144
710 -136
-728 -832
-301 184
143 748
-346 -901
-939 211
-434 112
409 -610
98
-315 214
-957 -322
-627 143
-905 -773
-724 423
-959 824
-65 -865
761 -202
328 -851
-545 -360
679 517
23 68
789 -473
98 -282
538 148
-615 503
-706 -722
595 773
204 -452
53 -368
-925 -137
-567 241
-218 211
775 -794
-189 621
671 574
-367 -818
89 -194
-414 -439
-604 174
-104 -761
939 67
948 12
-986 681
-663 229
-804 -244
31 49
-571 595
548 793
846 986
637 -355
214 107
426 333
-827 552
-361 -415
-563 -72
558 709
-632 -260
970 932
657 -372
631 831
-194 18
-331 -870
283 -557
172 772
770 -619
-551 546
-586 -606
-106 950
288 -488
551 833
-176 761
561 946
-795 -42
901 -871
919 179
-598 -131
-895 7
-535 -665
141 -141
417 425
-504 -404
-293 -530
164 55
-935 -258
428 -768
-905 -818
194 -890
963 595
884 -554
24 -383
126 707
886 148
857 -865
-914 378
-960 -775
-23 123
-717 211
424 886
820 782
918 73
751 -684
-86 940
839 98
-439 603
779 320
-8 494
440 -49
7
647 -744
-514 -519
568 728
-696 375
926 -697
957 -700
718 -70
39
-189 330
332 170
-619 559
19 481
-264 -546
526 872
-295 854
-22 251
761 -757
-316 455
141 277
569 52
-801 -489
41 -801
-606 281
-519 -893
979 981
312 -908
-148 187
-103 -473
818 -799
-993 -31
398 -437
-1000 -965
-56 -621
-784 47
974 -780
-330 129
-219 -487
-517 477
87 -83
-153 -967
298 -98
-11 -410
258 -268
927 -487
-52 -376
-844 -272
-773 434
38
-893 -544
387 -592
425 722
219 -76
-508 -739
-88 -477
-470 502
-691 966
464 -115
618 -359
-251 379
301 391
-87 747
5 -591
281 229
623 423
711 -107
464 601
842 -38
-163 -137
223 -661
-55 37
667 -60
908 -310
94 -162
589 -824
517 -532
140 102
45 769
-834 -376
-497 495
-938 -912
636 571
829 270
-250 557
-515 -349
-680 931
-816 -365
99
-764 992
-871 -665
994 -534
-12 -598
73 308
607 -24
132 631
607 263
-642 -581
613 741
278 -514
67 -176
268 833
667 194
-711 367
-717 967
-165 -773
37 253
301 -379
-765 -25
-139 24
-856 -339
678 -765
-503 628
326 -798
-342 -362
714 -200
909 173
878 -917
341 593
81 -468
-8 139
28 -238
211 741
259 306
600 -751
-764 -707
323 -589
-851 630
-534 763
-438 -370
34 275
220 -610
-306 -431
-171 -735
-781 -871
-897 -645
199 595
-36 -7
519 -204
152 902
-984 -900
-933 952
581 -965
651 -123
-233 912
-657 -699
659 -160
318 549
-980 991
-635 37
-358 926
-569 495
531 -766
527 740
917 29
65 965
-11 619
-610 -245
-62 106
-458 -717
-749 535
-648 -678
-193 513
-283 144
43 364
147 -196
301 -955
-739 636
-464 -867
871 -9
-288 -764
560 -622
533 163
-256 -37
-947 -523
145 -75
-702 883
138 352
939 891
421 -828
813 604
466 -598
-302 -607
133 343
-494 -345
187 982
334 957
90 -527
96
-25 -682
-164 652
31 -769
-882 -712
-440 760
-756 826
848 -109
-92 824
450 -873
-317 891
581 -284
259 -18
965 -371
325 -895
-20 -989
311 140
860 -573
274 -351
108 806
978 58
396 -473
-654 306
-570 17
356 784
-93 -314
-565 -259
-377 44
-875 630
-37 257
-472 -402
949 384
519 651
-218 268
960 368
272 73
822 -453
-111 -6
-889 277
992 -684
-295 -921
931 -942
-507 -852
219 786
432 993
44 -147
562 -728
509 435
-763 -692
808 -108
-52 -145
-769 988
-291 -145
860 998
717 -504
850 -47
-794 -653
21 -624
-569 539
179 -630
248 304
862 194
473 -475
903 994
-618 -61
-312 -656
-327 -655
861 -525
-468 827
-512 -66
-519 927
592 554
880 615
-402 -381
-396 -864
740 265
978 889
34 758
383 23
870 47
365 -27
711 596
778 -167
-321 929
134 -126
-446 439
-498 925
895 453
-598 -153
450 143
-337 -19
531 -63
401 -481
-673 -771
-807 -493
-224 -432
-977 133
16
-526 21
268 -121
92 735
568 310
-572 -958
168 -351
-636 -760
824 -92
985 -867
343 147
-681 -758
-490 -281
890 -565
636 201
-297 -593
-153 -23
72
782 -693
151 -964
-655 143
650 728
594 -52
-451 495
12 393
-235 99
-415 -40
896 608
323 590
962 298
24 467
458 786
560 275
515 -540
-510 -898
-378 272
-190 -142
-387 -509
-272 435
946 -718
186 -315
310 -45
113 774
-466 423
-808 -438
520 920
889 227
-837 -197
-413 413
-452 321
-258 -76
-947 -640
-386 467
-640 41
-859 -950
-279 710
323 -677
881 -430
265 305
-537 324
-212 -963
641 617
-748 222
-800 606
-364 668
561 -697
-124 98
560 -881
825 -106
567 -772
999 549
-555 -434
909 976
-887 -972
158 29
285 954
-864 348
736 -493
525 263
268 672
-425 724
310 410
137 554
-813 161
-72 -530
-441 -735
392 121
-87 894
-837 583
-973 205
68
687 918
-386 58
714 986
281 -488
-606 -558
-700 401
-312 -178
-386 -848
-174 986
507 -690
767 -428
-291 -483
-984 251
-885 369
-475 531
-16 110
505 900
-637 557
156 -334
-193 696
403 -216
-82 -731
-435 670
199 399
540 -615
-416 -321
-721 -63
-542 586
744 238
904 548
974 -900
-525 706
-511 -595
830 141
406 -947
-952 -302
-322 193
-109 -681
-457 697
424 696
670 -668
-411 79
543 995
133 466
-244 -314
-86 -890
454 770
-7 450
426 -28
-527 750
-117 -849
-838 -390
824 705
-697 507
681 323
871 -960
-660 -496
173 -333
902 93
394 283
568 -778
436 510
-64 -678
-843 -525
552 -244
-445 -923
-32 -581
743 500
43
331 -276
-954 -824
-766 806
-997 -376
751 733
-802 -26
260 -956
631 912
-764 778
925 609
-649 -947
697 -64
283 -907
-155 744
437 -172
852 -491
-139 776
-965 -920
823 235
989 -201
22 -920
-428 836
555 -199
939 616
-13 -527
-999 716
126 851
311 276
-124 462
963 -71
626 -235
413 385
-318 319
-242 780
-615 -88
-759 622
409 306
-854 388
263 -932
74 741
7 492
565 774
-317 -500
46
74 -405
95 449
-731 -618
63 -556
-165 214
-972 228
-359 -950
-606 4
-929 669
-96 690
825 -997
-384 -774
-839 20
-944 693
-141 -999
-180 -114
-251 35
-866 -763
944 -156
404 669
-905 -411
-341 -16
-781 174
-835 658
-928 -76
853 770
488 220
-725 -323
874 -626
-608 -947
-265 421
423 703
889 450
462 -365
271 560
472 460
-935 -525
-7 -506
-179 -166
-723 -217
-988 -509
21 526
-187 -131
687 376
859 825
-207 818
69
-454 -719
-919 -86
379 -604
-819 870
-512 817
596 -218
980 -479
-486 588
593 886
-394 -689
239 293
-424 -877
-93 -607
527 736
73 -378
-73 770
-724 -418
-417 940
-862 419
297 25
997 466
-150 1
-724 -184
-415 84
-392 -164
437 438
-342 952
758 119
-910 261
790 -499
-478 -141
737 -943
-911 418
-985 227
43 -448
138 859
53 175
-446 -339
655 -767
62 -296
-109 307
422 843
-119 739
556 500
-723 0
688 -889
-24 -291
962 839
90 113
-382 180
970 -162
-220 817
-140 -165
176 -240
-271 -352
-939 -515
-795 46
590 532
-943 -487
-692 -896
-824 -76
146 272
-625 391
656 -712
622 -450
-713 -590
947 705
428 495
565 -837
28
-786 -122
586 -5
-218 -766
963 624
-508 -332
-593 -644
540 -72
-747 768
-802 299
-763 942
-745 -370
-81 -455
-15 714
-866 597
-520 253
-508 317
313 -750
-270 -573
-183 623
-124 -78
-369 -136
360 -225
-961 -207
89 190
324 -784
492 -31
57 -703
918 891
61
979 -584
99 305
880 952
-60 -10
-102 365
113 216
-64 295
326 -295
80 -40
-471 -85
550 323
-897 118
259 895
972 338
-567 88
-78 562
-894 371
282 237
-208 -292
-271 266
-240 958
121 -169
-344 574
-207 -490
671 612
735 -107
300 -474
-631 968
742 -29
-445 949
778 -567
-782 -4
-741 436
-337 593
-988 -124
-392 -552
249 -919
-32 315
236 -898
199 475
-805 655
228 -832
566 -520
-386 -433
750 -325
-694 -89
-279 -370
303 -488
-894 -129
-651 1
926 788
332 628
-375 -45
-759 152
591 -245
-37 -358
934 574
300 914
-440 27
-317 -387
-833 -884
38
-500 265
233 556
792 556
358 320
-336 914
-480 194
578 917
-912 760
-734 -650
729 114
281 -106
-252 -21
284 344
-539 -245
-40 -114
-903 490
247 479
654 -226
946 -821
784 501
-956 -427
-868 -226
182 335
-702 946
620 548
108 336
11 574
-763 -762
-651 -745
-600 316
-813 349
-858 858
829 -625
-397 217
185 724
-530 279
478 -373
-69 -364
20
-4 -625
-870 -549
-626 344
937 -572
-382 -778
-496 -961
76 -967
200 -734
-911 232
474 -430
-212 235
305 -15
779 582
170 229
-265 323
-280 961
673 -181
244 -158
359 768
-735 -216
41
122 765
911 921
668 548
953 -737
18 367
73 283
-934 154
-801 949
-180 691
107 285
-714 13
-480 144
569 -716
-474 -28
890 635
811 685
-682 -334
-664 162
533 -684
-84 217
457 -532
-121 -465
-589 407
-651 -892
866 260
693 899
-870 824
852 -545
765 799
843 -104
-152 413
-286 -51
253 434
-145 -916
888 859
-353 -699
624 -683
192 780
-932 -979
-231 301
655 963
10
-310 -239
557 755
656 604
264 -188
-8 656
601 -160
-711 787
225 -264
858 201
319 -185
29
891 639
-313 -184
631 416
-323 773
916 804
659 472
416 -208
-399 345
-887 -573
-41 -745
-476 532
632 517
-67 -957
-970 721
-181 130
935 -129
-657 429
-15 4
-999 -140
695 -194
-41 409
816 -159
-517 52
-672 796
-568 -459
-939 330
-711 881
912 -11
542 797
66
245 -348
281 835
725 -913
675 962
118 582
-484 -646
718 -676
-824 -944
72 614
991 -875
655 958
-384 -395
-331 499
-443 -676
-179 731
-478 484
-23 918
103 959
-723 -80
-987 669
-94 -334
445 -309
935 -634
676 -24
386 933
-797 -235
-300 -658
458 857
-869 838
85 574
-879 791
134 571
-415 -313
-894 591
394 -59
-872 -313
-692 401
603 188
-289 777
-15 -68
-574 -596
-427 163
-367 -291
423 885
160 -730
-845 -805
213 950
254 632
-206 889
876 -377
-913 706
255 659
-602 759
-966 802
88 921
740 -481
573 -337
-328 579
-823 -274
-935 -737
-934 407
675 -776
525 -435
-275 -641
-416 177
362 -292
30
444 446
983 -73
680 542
-126 744
-133 -240
-234 839
-526 -30
-295 -97
-106 54
-295 42
-291 987
-24 -995
623 -329
691 -946
147 480
-624 -810
-602 -134
788 -127
216 -166
-657 -383
-173 697
-971 579
168 -427
505 137
280 -31
104 710
-741 461
-369 777
865 432
-183 -79
63
-271 -471
606 -59
-266 -159
712 202
-317 93
697 -300
660 655
565 -329
-810 408
-886 584
831 -561
-14 855
494 913
453 -490
-371 373
-212 -155
435 -742
688 -484
246 -144
705 228
445 -512
131 -30
-12 777
-14 -511
-23 728
-778 -405
-301 -621
705 595
-638 578
-907 -174
273 -966
516 -195
-232 855
111 591
-338 -634
367 -168
764 -499
322 -238
989 743
-195 -821
-863 911
609 324
-239 -776
-8 -379
-420 646
-530 730
-288 141
-212 159
677 213
431 -797
-797 -682
-105 -292
-12 678
636 -809
307 620
587 313
-717 944
463 184
-915 -575
-102 -1
370 -798
-318 690
-657 290
5
62 782
182 -300
-549 -888
-906 253
-334 600
53
-28 -827
-213 -659
-448 -449
-972 831
-397 -214
268 -493
-900 -186
-378 -823
-218 364
432 -564
-706 896
-474 960
82 -708
993 -985
916 -577
-579 688
-866 -303
-696 -786
335 -63
149 816
563 -754
-255 802
737 -130
845 -945
879 382
601 -736
976 -233
706 -794
-147 873
-445 704
337 743
343 617
-947 -321
-834 -574
-835 -237
237 791
-430 -887
240 -895
366 315
-21 -88
-529 -276
766 -654
482 552
438 188
-471 -425
-432 387
359 398
905 -385
-825 97
482 30
317 -695
495 809
260 222
37
981 -761
753 -349
376 619
73 34
-363 -327
424 614
886 -438
649 111
-891 -645
136 169
-873 -897
-339 -682
341 -716
71 -402
889 -947
-895 989
-719 -193
-428 -230
-429 712
185 120
766 -727
-903 502
-808 964
691 -911
-919 -688
169 -167
-637 -71
695 -96
397 293
736 495
522 17
327 131
299 794
-648 629
-18 -600
577 663
-176 -203
20
665 534
-597 938
572 -604
-710 -924
-50 457
249 370
436 711
229 -518
-986 418
-475 148
-285 37
253 304
917 651
673 820
400 -160
-303 849
-748 597
339 577
994 -822
239 -641
28
-197 -381
-654 -76
746 -617
551 -938
-651 859
635 274
-13 780
-78 145
304 -667
-377 73
-190 642
-960 -917
-296 96
940 522
-610 65
220 470
-929 -245
812 246
376 -96
845 -363
997 264
752 -301
-806 -230
176 -149
800 138
-595 853
298 -820
-911 514
19
-490 -528
341 789
-876 -943
-863 -856
-235 579
877 422
835 -434
773 631
-704 840
-966 190
427 -832
505 -193
818 954
-936 -293
722 999
749 -662
217 -352
-759 -525
77 -992
18
-789 -523
-308 350
-521 853
495 955
112 503
70 -709
-669 -75
676 269
161 931
691 551
-230 376
872 -721
961 462
305 -247
-949 -417
270 218
618 799
-374 172
5
537 836
-534 147
577 -946
507 -884
905 -191
67
-149 -817
-341 645
-294 228
-106 -467
-52 -585
-954 -647
274 -817
287 832
-790 824
241 -69
821 -956
-479 -152
-764 -925
613 -179
-610 -211
907 -983
927 -228
422 -938
896 -313
999 -629
-192 -263
468 -418
-100 -575
-169 359
560 -926
310 159
-150 -390
-502 647
-265 -801
158 629
988 -875
598 889
339 829
-311 398
-480 536
-643 -227
831 -887
-130 443
-404 8
666 370
-321 -670
-724 -323
530 158
-173 -612
736 378
-114 872
619 -908
998 -272
506 710
-808 274
174 920
-291 -794
-161 -919
-680 -316
887 -712
268 918
683 652
-281 807
-126 -908
463 -741
-285 -23
120 -904
319 -1
415 -190
-296 -310
-762 -235
-899 -322
71
-517 -173
142 -793
637 401
390 257
-778 232
148 796
-92 -115
-511 980
183 165
-34 -16
956 -580
281 -636
179 897
911 279
667 -766
923 -821
-480 47
749 254
-5 429
438 940
536 -22
607 159
-363 -120
-935 196
966 -711
-321 763
-635 981
-745 -837
-730 -678
968 -145
585 -688
838 161
953 359
-728 322
-543 512
987 387
-386 790
-145 -909
672 167
63 -251
-646 -542
222 -4
969 -433
205 998
-847 981
-727 -669
-926 -484
-927 -607
121 480
-379 262
948 206
873 -264
-690 -834
169 -708
-24 -275
456 -7
696 -634
-79 -88
-901 61
334 283
-74 -568
598 823
-502 474
592 287
-922 -740
-282 318
54 410
726 -607
937 248
706 -417
753 -401
11
773 292
-119 122
834 -257
420 702
-740 -135
182 627
30 533
-627 136
-241 34
641 689
175 -483
29
835 -672
358 71
-148 31
368 -303
-368 765
-847 -979
-321 95
-823 408
674 526
-512 -621
915 -612
-744 154
876 -108
-110 802
-856 956
-356 767
-9 394
-168 -753
973 -128
887 -569
9 629
-188 -489
498 -190
622 972
-243 229
-643 819
988 -763
710 917
-415 -844
17
691 -655
-534 -1000
-433 259
451 882
244 -409
-553 -51
-124 -205
849 129
-84 713
-545 -863
-395 789
294 -187
-406 -991
606 -589
945 -245
-911 13
232 -1
36
-317 414
606 559
-359 -741
672 519
947 -356
-763 -27
796 367
919 -821
839 343
971 674
796 -51
-873 -693
388 -349
877 784
0 -570
341 -42
403 479
697 930
-95 -778
874 485
-561 -763
-607 -219
-103 -956
143 633
946 -251
-331 -416
774 126
-256 463
-900 -273
-84 -571
311 687
393 -19
252 -888
-213 -592
-35 -357
-629 740
36
273 -213
-219 -485
-49 423
-291 -88
-459 -169
691 343
595 -15
-114 -993
440 -949
-427 -634
-919 -690
-956 992
635 -106
-868 803
509 469
-600 -10
372 -72
760 696
36 -542
-148 -84
-456 -316
159 466
95 750
829 -799
915 911
-942 -719
903 -441
-144 -427
284 -994
252 -299
-496 558
-874 89
-716 539
-332 -606
312 -717
346 611
41
657 439
-372 -938
891 -897
-665 964
75 -336
-85 989
-214 -316
798 160
344 -477
280 -120
-327 1
242 883
-391 955
-755 -739
-736 217
63 254
-79 -335
201 636
572 -536
244 254
419 661
-887 895
554 -876
223 -741
120 -620
-641 217
810 -834
-796 -395
262 -398
863 9
860 -160
119 519
457 -801
444 342
-955 957
-820 -730
-323 -348
623 -719
667 -907
749 577
529 884
64
24 564
-496 164
-785 37
-451 58
-929 363
144 -564
-970 -852
-378 651
646 -629
-255 148
-112 -166
97 913
-392 593
-213 11
-763 295
-440 -419
871 -19
-564 -236
-699 698
-896 -109
-893 593
703 467
700 -657
42 -952
194 144
-375 -226
-353 513
-577 722
742 0
-488 -51
-661 463
-190 59
-276 -920
357 -774
939 858
815 -818
-631 786
-336 1
-720 741
-976 -744
-563 761
600 305
-24 -172
868 -9
65 -420
-990 824
649 77
-249 94
-438 -983
-353 778
68 201
78 -225
-795 -670
-392 -710
228 -493
362 319
-453 -437
323 -466
702 -233
738 -251
-52 265
-227 -721
-815 996
-309 170
33
-908 -433
310 53
-902 689
-311 -964
-363 -262
-496 -883
-644 -100
-400 416
-360 301
-965 -649
-833 574
909 -917
-85 556
278 -344
-807 -159
-766 657
-500 664
-652 530
-414 -164
-863 961
383 219
-983 -625
-187 364
-352 -768
-11 -918
506 709
255 -212
742 -334
-602 947
609 -95
239 31
-725 -333
-937 -706
15
-674 692
610 -869
-329 308
-562 120
365 -206
989 643
-80 679
-369 658
-804 924
-80 -110
6 846
775 -555
385 -21
-168 -215
-323 696
26
835 -34
-651 217
843 -300
-152 -937
-543 348
358 483
573 -30
-160 -449
-156 -383
442 -50
-937 169
-457 -373
-123 -836
336 -737
176 517
435 115
93 -699
120 35
-683 -213
-209 27
-103 480
-507 177
-190 -100
550 798
662 -824
540 -422
38
-351 -139
451 -731
-859 -285
-662 -620
974 -724
234 984
-568 642
-730 524
657 -867
541 226
268 -876
285 -219
-367 -581
-111 299
-235 775
632 -826
401 252
-492 -935
450 423
-709 -248
-388 -25
-562 -376
699 -122
-604 885
-568 -874
674 883
325 871
-599 -436
453 133
-516 -697
-949 -626
428 634
-547 752
738 -826
228 689
360 161
-861 -872
-92 129
58
-743 -46
-684 -538
991 621
445 798
-927 762
-727 -3
-601 337
-593 767
469 -615
-123 521
950 495
-193 66
-780 483
-973 -696
-364 479
-24 -160
399 84
557 -34
890 3
-666 -788
343 452
-736 571
-732 871
358 980
593 949
-532 -806
592 817
-695 -722
-459 257
-47 157
669 691
688 42
-406 -946
915 260
684 966
-303 -941
28 -581
-809 -763
562 47
-192 863
726 930
-973 -398
-173 -596
-106 -148
-184 -778
-447 -488
264 -331
269 387
-175 -60
-356 -308
-295 93
-926 -681
-923 515
512 -211
-508 575
-271 -796
-505 581
318 775
72
371 604
-990 -144
-10 -491
-308 -935
-968 -108
-320 358
-54 138
266 790
921 493
-677 533
-320 864
-903 -835
-229 -690
-586 -663
-797 -464
-116 725
-54 702
114 81
245 -702
125 -252
49 88
837 -835
-589 -991
-782 261
336 -121
196 -47
-314 235
-420 -205
149 490
875 -785
590 158
-940 747
950 641
624 -560
-730 444
-881 -162
-925 -787
838 699
-315 743
169 -164
54 115
101 860
-87 53
266 393
164 -967
180 -274
-853 -788
406 443
-502 -473
-542 337
-337 262
-522 -391
-558 -712
-970 948
514 110
913 -947
78 310
899 491
444 209
-584 467
-519 368
-680 634
-50 702
83 455
27 -249
-615 631
387 -986
470 794
-349 107
89 443
-992 -68
-544 334
64
306 18
801 -747
-780 -872
-460 -646
946 -247
85 -469
-600 -912
261 -868
-814 -804
-762 -635
-866 -124
502 -103
-324 981
197 817
-109 441
-719 -59
-435 790
-477 294
-733 -368
-846 -117
-205 940
-442 -203
-451 514
-361 897
93 -403
804 714
227 163
-897 297
319 -20
405 538
-361 -63
892 -996
-821 -814
501 -604
959 499
-832 718
535 -156
-817 -270
530 -516
371 335
-531 -287
562 919
-920 839
-662 -538
646 403
560 -17
830 746
-751 -59
-98 -518
-294 4
-657 373
882 906
275 -650
-956 325
843 -62
331 -151
917 252
-201 126
-557 -348
924 532
-89 285
89 -684
-198 -999
422 613
84
676 -986
-584 -971
554 940
624 874
-698 378
-95 -356
-616 -539
-428 330
-959 676
-444 -714
-386 -569
-440 -619
767 405
173 -576
355 845
-305 552
66 -930
-411 214
278 50
662 368
807 869
-485 600
498 260
-461 495
645 -688
29 310
-311 785
997 581
893 183
830 884
-85 -980
568 -602
889 -682
319 -634
-146 248
736 -646
-130 -40
312 -588
-252 -917
698 456
-948 -260
493 807
842 620
-704 -743
-646 -764
411 -534
-811 -826
947 -277
636 -399
857 -39
-748 514
705 827
-881 264
-134 -812
-893 208
94 505
89 847
487 541
212 798
-852 919
299 431
-41 613
-747 110
-267 922
-448 -605
985 -814
-962 -956
525 -313
381 632
-938 188
-511 -826
-878 -426
-143 763
-911 -901
-166 650
-755 690
84 -147
568 586
95 154
-287 343
985 -686
-670 -361
-321 819
-663 -302
49
268 832
480 -252
-416 555
-796 999
-828 -98
22 -398
563 -24
255 200
-46 -704
333 -280
445 -165
-922 -198
127 903
-422 -677
529 808
465 691
970 -148
-445 -833
-684 -900
-330 -176
271 993
-766 -880
-881 -655
545 -260
-703 -203
-990 -814
-373 -72
124 312
416 -690
-544 310
-253 -146
-953 -798
-61 894
-790 -378
421 857
-719 -512
-496 -752
-637 630
449 -470
684 275
-706 -87
-324 -941
424 747
-212 -937
793 -663
76 -683
509 -976
-776 47
-210 -455
93
654 -41
183 -57
507 490
-819 956
-343 -964
857 564
35 -114
449 33
-914 -873
-935 -53
-966 -899
221 84
362 83
737 825
206 524
67 -396
-615 -882
-902 -914
-668 -863
877 643
718 726
-190 142
-98 565
801 -429
-361 862
85 -341
358 785
-465 -566
859 -790
6 -4
146 484
431 14
61 206
580 -390
480 538
-76 -166
392 946
-376 957
952 934
-723 951
146 -832
307 -958
79 233
209 -397
-773 228
770 -232
512 551
-208 -147
-755 747
987 -163
386 105
582 -331
59 -268
-945 -91
407 -683
761 -800
707 545
312 275
-392 696
-984 18
846 -490
-566 -914
-325 156
-965 -253
-883 -663
835 797
95 -511
-105 618
-949 896
668 -405
-68 -40
825 -748
-721 -459
343 -205
-890 -222
-1000 -419
984 245
944 -204
665 -171
-27 324
-511 -804
-593 909
-85 -665
331 555
-180 -230
-478 -143
-338 -784
-223 -811
-663 224
517 804
-179 -148
660 54
-403 -717
15
796 955
726 448
-458 973
648 899
-703 -503
-18 -874
94 -125
-794 -731
477 -497
-717 564
776 292
422 69
-436 704
-903 -670
-398 754
58
924 -563
-824 948
-607 -837
757 -111
164 862
-2 427
-900 -91
322 -552
298 371
-188 -619
-328 -79
502 -469
987 -129
-140 -882
469 -747
-438 -304
-918 -856
546 -941
-340 -151
-242 683
-603 807
-450 -191
528 -796
-817 852
-363 -539
-175 -935
703 -861
434 -556
92 -449
748 719
-16 -125
328 951
310 643
-642 -778
229 322
395 346
186 -384
-19 -955
-568 -175
-227 -594
200 233
41 -412
15 -876
-35 -493
219 -606
813 -577
-119 -529
802 541
-810 945
63 833
415 -22
-737 -398
632 798
-322 -182
678 -34
688 410
266 -158
609 -38
98
310 73
381 77
-501 -613
99 -366
-178 940
-296 -371
742 -469
361 -416
-313 -159
839 -893
595 -299
-891 799
960 972
828 -532
-683 124
-915 949
494 -292
-202 261
-177 -358
974 -400
276 -712
-806 336
-537 -333
-558 27
859 914
238 509
-826 -88
-551 -137
587 181
-440 -620
-91 79
452 -412
-497 361
-302 -281
32 -643
-892 519
-779 475
-823 -222
135 -322
127 -413
235 -841
777 220
488 121
-229 931
-653 224
754 726
-58 -274
-383 219
-193 164
550 -456
-796 -743
-742 795
725 -262
-120 936
266 -242
-907 750
235 981
285 -284
-274 -36
-721 693
-853 -32
-386 116
-244 -227
24 -162
-656 625
708 -197
-465 -655
-508 704
375 -632
250 -459
-284 888
-57 -306
447 14
478 -696
-547 -681
-920 -895
-472 104
-752 -684
796 719
-530 -767
-169 -988
481 -539
-701 -837
197 858
-656 -504
805 -483
106 -177
-470 776
-870 -568
-351 988
-327 -196
730 -35
-514 -866
-803 490
904 968
-137 -617
936 -975
642 169
66
504 -990
877 20
-256 -356
501 751
72 17
-336 465
262 -264
-603 -588
-945 74
604 -927
-987 -297
-967 711
414 -730
150 -553
-771 361
315 363
-753 559
557 -153
612 546
320 -105
-633 -687
730 984
-788 585
950 -828
438 -20
-894 469
514 483
-539 -950
-333 -737
-592 87
-934 283
-464 454
338 830
893 972
-970 589
739 711
-768 -515
-310 -253
-194 822
36 -868
595 387
-526 -579
711 773
867 -537
300 200
-117 141
-770 93
428 252
950 934
-861 -712
-932 -640
273 -942
-10 10
-220 294
-623 -315
610 688
74 68
-734 46
314 -830
262 -847
-452 850
-279 -35
-628 625
593 -496
-258 -503
641 207
24
-289 -82
-212 -835
300 844
452 -985
-888 -28
-11 -320
50 804
-484 286
156 83
76 -200
323 -641
11 169
125 261
918 287
-965 604
-747 -256
-610 303
-263 -917
-346 773
-190 790
197 -273
798 -215
401 877
939 310
81
-899 957
-636 -833
945 -502
23 212
-244 -349
-339 -911
-183 798
327 -15
-601 -850
-254 -100
-971 452
-895 -322
934 527
889 -25
-575 942
-615 459
681 -554
483 281
-61 672
-581 713
-55 -310
-564 847
-774 781
-415 -84
-101 -674
-617 -893
-178 -290
140 425
-626 -36
-269 805
-476 635
-936 -984
-743 958
890 -986
-727 -257
618 674
-976 847
303 -872
260 647
-45 35
-34 -371
157 335
662 -285
27 -264
650 -902
188 642
250 324
-808 338
292 -938
701 489
503 -916
-297 -255
630 998
-70 -608
811 432
-81 218
597 -208
-455 -301
799 728
-893 -15
-706 172
648 608
-217 -867
174 -769
-389 -844
975 -841
-111 922
-26 364
510 340
-29 92
-93 12
827 -379
354 -198
-305 995
-258 -975
-378 -697
-641 246
-646 403
-849 988
-516 -47
-124 -789
73
-396 -198
-305 283
-58 892
780 -516
64 287
798 -791
-536 -692
623 578
-588 -89
-606 -150
270 -176
-771 -937
-656 -138
-173 -328
-242 323
-561 -925
-686 -808
973 -934
-157 933
642 -487
671 -107
764 -145
-537 804
851 887
970 -290
-753 498
-423 -506
115 706
586 175
-216 597
-663 -261
580 44
-104 669
-615 727
150 509
26 -400
158 88
984 496
-954 -608
203 130
-360 615
-309 -238
-66 484
-129 -208
134 -736
124 -137
-587 720
159 -523
616 287
-409 -41
-555 -378
73 -781
288 443
678 673
-502 -828
234 -938
-749 694
923 -754
-816 -930
-526 -891
-968 251
326 -509
856 -249
-525 -446
598 -160
842 525
963 -617
418 -730
138 19
-116 324
533 51
-236 856
958 15
19
74 -813
73 594
-315 -493
-42 -903
427 693
915 -603
-42 663
197 -585
-835 4
-927 -391
495 -65
149 284
-625 636
-159 -98
235 910
133 903
91 507
601 130
179 75
23
344 245
815 -808
-649 454
-897 338
-78 -629
-756 -854
291 176
-652 419
956 -236
643 -669
586 -523
294 -642
922 -269
748 -320
-10 -652
-347 215
984 -508
12 571
-641 294
-655 123
-801 747
479 -522
307 237
76
866 -786
-359 -913
-228 143
-328 -757
-388 930
744 -134
196 -814
-5 -203
934 -659
60 -145
-849 -383
265 -574
-172 -446
-687 977
-681 445
332 636
-154 966
705 -974
288 -114
-328 641
-443 -511
-419 -983
-935 939
13 -274
-748 906
-383 -788
825 175
-428 -59
833 814
562 262
-429 -843
687 -457
-13 -70
-752 -655
-412 445
890 603
11 -964
-474 733
770 692
-402 -411
389 821
-889 -89
-516 -177
-278 991
118 -23
-544 -142
622 48
282 2
765 236
-245 -703
-180 -866
722 637
803 198
-633 -550
435 -878
-559 861
189 -640
930 -620
749 4
-63 419
-314 -699
481 873
-773 209
322 -767
103 -335
-396 -12
746 -248
-60 476
49 901
-11 -620
-447 663
-68 -421
159 -928
135 -857
95 -654
42 805
91
-938 984
671 -578
156 -725
103 359
-435 113
-656 52
-932 355
-244 617
443 98
15 303
553 -96
114 -671
345 345
-764 390
-178 188
475 555
994 -839
-504 124
486 -215
712 159
-844 -747
135 -850
-256 340
-448 319
-467 -844
-81 -175
-149 644
-329 -427
622 459
831 423
219 505
-521 -761
139 -551
-296 -183
850 -481
313 149
-55 244
-753 -997
535 -918
172 343
350 862
-312 492
-894 26
845 -815
277 868
76 949
301 182
893 -160
-601 -854
-93 871
580 -590
94 -117
-191 -174
122 -913
-267 587
805 -588
-604 -156
14 964
353 -682
441 135
-800 5
-689 788
168 -458
978 -392
-921 -846
-994 -100
-128 534
-646 518
720 515
814 735
-913 520
15 -980
833 -982
-378 -885
-132 830
590 876
-188 -413
-372 -135
-287 367
-183 -364
-158 292
-277 -148
155 -434
674 411
378 -629
142 78
712 104
205 -334
-438 -443
322 -361
551 804
5
612 900
899 -841
-184 -725
-206 -345
760 -997
23
623 -919
296 639
-359 -788
67 511
-195 -511
836 -211
468 649
-509 599
631 108
951 812
918 -557
-586 215
-124 948
-309 6
-416 -312
-123 -730
-850 522
11 716
-76 62
-514 834
385 -309
71 684
215 870
